leg,tickLead,tickRace,distance,area
0,-1810.0,-9191.0,156.057,0.0
1,-1010.0,-8391.0,155.95,0.0
1,-1000.0,-8381.0,155.882,0.0
1,-960.0,-8341.0,155.873,0.0
1,-770.0,-8151.0,155.864,0.0
1,-750.0,-8131.0,155.754,0.0
1,-740.0,-8121.0,155.733,0.0
1,-710.0,-8091.0,155.64,0.0
1,-690.0,-8071.0,155.606,0.0
1,-680.0,-8061.0,155.582,0.0
1,-670.0,-8051.0,155.5,0.0
1,-650.0,-8031.0,155.411,0.0
1,-640.0,-8021.0,155.388,0.0
1,-630.0,-8011.0,155.316,0.0
1,-620.0,-8001.0,155.289,0.0
1,-610.0,-7991.0,155.275,0.0
1,-600.0,-7981.0,155.184,0.0
1,-580.0,-7961.0,155.149,0.0
1,-560.0,-7941.0,155.131,0.0
1,-540.0,-7921.0,155.128,0.0
1,-530.0,-7911.0,154.981,0.0
1,-520.0,-7901.0,154.824,0.0
1,-510.0,-7891.0,154.685,0.0
1,-500.0,-7881.0,154.549,0.0
1,-480.0,-7861.0,154.46,0.0
1,-450.0,-7831.0,154.437,0.0
1,-440.0,-7821.0,154.3,0.0
1,-410.0,-7791.0,154.213,0.0
1,-400.0,-7781.0,154.178,0.0
1,-370.0,-7751.0,154.03,0.0
1,-330.0,-7711.0,153.979,0.0
1,-320.0,-7701.0,153.839,0.0
1,-310.0,-7691.0,153.694,0.0
1,-300.0,-7681.0,153.668,0.0
1,-70.0,-7451.0,153.637,0.0
1,-50.0,-7431.0,153.58,0.0
1,-36.0,-7417.0,153.542,0.0
1,-35.0,-7416.0,153.523,0.0
1,-25.0,-7406.0,153.352,0.0
1,-15.0,-7396.0,153.17,0.0
1,-5.0,-7386.0,152.978,0.0
1,5.0,-7376.0,152.8,0.0
1,15.0,-7366.0,152.649,0.0
1,25.0,-7356.0,152.481,0.0
1,35.0,-7346.0,152.313,0.0
1,45.0,-7336.0,152.153,0.0
1,55.0,-7326.0,151.999,0.0
1,65.0,-7316.0,151.836,0.0
1,75.0,-7306.0,151.656,0.0
1,85.0,-7296.0,151.473,0.0
1,95.0,-7286.0,151.329,0.0
1,105.0,-7276.0,151.264,0.0
1,796.0,-6585.0,151.232,0.0
1,985.0,-6396.0,151.167,0.0
1,1005.0,-6376.0,151.108,0.0
1,1025.0,-6356.0,151.083,0.0
1,1035.0,-6346.0,150.924,0.0
1,1045.0,-6336.0,150.739,0.0
1,1055.0,-6326.0,150.582,0.0
1,1065.0,-6316.0,150.391,0.0
1,1075.0,-6306.0,150.184,0.0
1,1085.0,-6296.0,150.111,0.0
1,1095.0,-6286.0,150.099,0.0
1,1105.0,-6276.0,150.084,0.0
1,1115.0,-6266.0,149.984,0.0
1,1135.0,-6246.0,149.949,0.0
1,1145.0,-6236.0,149.772,0.0
1,1155.0,-6226.0,149.6,0.0
1,1165.0,-6216.0,149.467,0.0
1,1175.0,-6206.0,149.326,0.0
1,1185.0,-6196.0,149.177,0.0
1,1195.0,-6186.0,149.042,0.0
1,1205.0,-6176.0,148.904,0.0
1,1215.0,-6166.0,148.76,0.0
1,1225.0,-6156.0,148.63,0.0
1,1235.0,-6146.0,148.499,0.0
1,1245.0,-6136.0,148.351,0.0
1,1255.0,-6126.0,148.234,0.0
1,1265.0,-6116.0,148.072,0.0
1,1275.0,-6106.0,147.918,0.0
1,1285.0,-6096.0,147.78,0.0
1,1295.0,-6086.0,147.667,0.0
1,1305.0,-6076.0,147.556,0.0
1,1315.0,-6066.0,147.456,0.0
1,1325.0,-6056.0,147.345,0.0
1,1335.0,-6046.0,147.265,0.0
1,1345.0,-6036.0,147.151,0.0
1,1355.0,-6026.0,147.02,0.0
1,1365.0,-6016.0,146.899,0.0
1,1375.0,-6006.0,146.816,0.0
1,1385.0,-5996.0,146.727,0.0
1,1395.0,-5986.0,146.671,0.0
1,1405.0,-5976.0,146.57,0.0
1,1415.0,-5966.0,146.375,0.0
1,1425.0,-5956.0,146.189,0.0
1,1445.0,-5936.0,146.157,0.0
1,1475.0,-5906.0,146.087,0.0
1,1495.0,-5886.0,146.031,0.0
1,1515.0,-5866.0,145.963,0.0
1,1525.0,-5856.0,145.936,0.0
1,1535.0,-5846.0,145.907,0.0
1,1545.0,-5836.0,145.899,0.0
1,1565.0,-5816.0,145.796,0.0
1,1585.0,-5796.0,145.74,0.0
1,1605.0,-5776.0,145.659,0.0
1,1625.0,-5756.0,145.633,0.0
1,1665.0,-5716.0,145.497,0.0
2,1835.0,-5546.0,145.407,1.0931800829847167e-9
2,1845.0,-5536.0,145.186,2.6961076721435334e-9
2,1855.0,-5526.0,144.966,2.694359878456288e-9
2,1865.0,-5516.0,144.764,2.483631226580761e-9
2,1875.0,-5506.0,144.566,2.444124750380901e-9
2,1885.0,-5496.0,144.383,2.2680210427282392e-9
2,1895.0,-5486.0,144.197,2.314471445856582e-9
2,1905.0,-5476.0,144.017,2.2487749639109207e-9
2,1915.0,-5466.0,143.839,2.2326852660711244e-9
2,1925.0,-5456.0,143.67,2.128297437528504e-9
2,1935.0,-5446.0,143.508,2.0483802983889173e-9
2,1945.0,-5436.0,143.339,2.145458221810654e-9
2,1955.0,-5426.0,143.176,2.077519789383761e-9
2,1965.0,-5416.0,142.983,2.4693958432605535e-9
2,1975.0,-5406.0,142.905,1.0021230895707025e-9
2,1995.0,-5386.0,142.804,1.3099406956960202e-9
2,2005.0,-5376.0,142.711,1.2114059282378223e-9
2,2135.0,-5246.0,142.531,2.4942920178976472e-9
2,2145.0,-5236.0,142.329,2.808494485588166e-9
2,2155.0,-5226.0,142.128,2.8036474204567592e-9
2,2165.0,-5216.0,141.969,2.225282293481954e-9
2,2185.0,-5196.0,141.828,1.989490152227983e-9
2,2195.0,-5186.0,141.594,3.312435114848633e-9
2,2205.0,-5176.0,141.368,3.2085483563105323e-9
2,2215.0,-5166.0,141.146,3.1610409265069282e-9
2,2225.0,-5156.0,140.912,3.3415482341802437e-9
2,2235.0,-5146.0,140.679,3.3366884509891206e-9
2,2245.0,-5136.0,140.444,3.374768804298927e-9
2,2255.0,-5126.0,140.217,3.2690225112910496e-9
2,2265.0,-5116.0,139.999,3.1483359527790806e-9
2,2275.0,-5106.0,139.785,3.0994275481348e-9
2,2285.0,-5096.0,139.614,2.484108733827401e-9
2,2295.0,-5086.0,139.433,2.637558264653544e-9
2,2305.0,-5076.0,139.257,2.5725772377910575e-9
2,2315.0,-5066.0,139.056,2.946754701022427e-9
2,2325.0,-5056.0,138.835,3.2490257405398023e-9
2,2335.0,-5046.0,138.617,3.2136211562512507e-9
2,2345.0,-5036.0,138.405,3.1336927147105827e-9
2,2355.0,-5026.0,138.183,3.2903391083446247e-9
2,2365.0,-5016.0,137.972,3.1356671107140127e-9
2,2375.0,-5006.0,137.781,2.8462999602667598e-9
2,2385.0,-4996.0,137.584,2.9439253139820787e-9
2,2395.0,-4986.0,137.378,3.0868025885303985e-9
2,2405.0,-4976.0,137.189,2.839805938029005e-9
2,2415.0,-4966.0,136.992,2.968138463415799e-9
2,2425.0,-4956.0,136.781,3.187485756610482e-9
2,2435.0,-4946.0,136.567,3.24109737508038e-9
2,2445.0,-4936.0,136.354,3.2341403318921804e-9
2,2455.0,-4926.0,136.138,3.287929097804712e-9
2,2465.0,-4916.0,135.949,2.8843632899483113e-9
2,2475.0,-4906.0,135.754,2.9837861098697934e-9
2,2485.0,-4896.0,135.533,3.3900889174245285e-9
2,2495.0,-4886.0,135.336,3.029420222015029e-9
2,2505.0,-4876.0,135.304,4.936431703810166e-10
2,2525.0,-4856.0,135.292,1.86563826426882e-10
2,2535.0,-4846.0,135.073,3.415356066415653e-9
2,2545.0,-4836.0,134.867,3.2202210913265007e-9
2,2555.0,-4826.0,134.67,3.0870165689236815e-9
2,2565.0,-4816.0,134.457,3.3457052877432382e-9
2,2575.0,-4806.0,134.249,3.2747742884452947e-9
2,2585.0,-4796.0,134.023,3.5662170590971074e-9
2,2595.0,-4786.0,133.81,3.368561580417344e-9
2,2605.0,-4776.0,133.583,3.597883180959111e-9
2,2615.0,-4766.0,133.371,3.3674986194208034e-9
2,2625.0,-4756.0,133.181,3.025020302274295e-9
2,2635.0,-4746.0,133.004,2.824885855245116e-9
2,2645.0,-4736.0,132.857,2.3521287192896974e-9
2,2665.0,-4716.0,132.85,1.1278768660539041e-10
2,2685.0,-4696.0,132.841,1.4609221792088223e-10
2,2715.0,-4666.0,132.768,1.1978403000421413e-9
2,2735.0,-4646.0,132.73,6.278640552534206e-10
2,2785.0,-4596.0,132.724,1.0093206608192306e-10
2,2815.0,-4566.0,132.577,2.4980323626735305e-9
2,2835.0,-4546.0,132.549,4.788801700715814e-10
2,2855.0,-4526.0,132.539,1.7221049722797117e-10
2,2865.0,-4516.0,132.464,1.2956870546684955e-9
2,2885.0,-4496.0,132.404,1.043253858571904e-9
2,2905.0,-4476.0,132.355,8.575439521372865e-10
2,2925.0,-4456.0,132.242,1.9899981346473204e-9
2,2945.0,-4436.0,132.182,1.06316546203441e-9
2,2965.0,-4416.0,132.033,2.656023268405368e-9
2,2975.0,-4406.0,131.839,3.4653367822520994e-9
2,2985.0,-4396.0,131.647,3.4361059631289366e-9
2,2995.0,-4386.0,131.45,3.532176432274228e-9
2,3005.0,-4376.0,131.256,3.484814279674372e-9
2,3015.0,-4366.0,131.065,3.4372979776288233e-9
2,3025.0,-4356.0,130.868,3.5517734932925276e-9
2,3035.0,-4346.0,130.665,3.666440727113524e-9
2,3045.0,-4336.0,130.449,3.907820847569841e-9
2,3055.0,-4326.0,130.333,2.102859491705483e-9
2,3065.0,-4316.0,130.295,6.907145210901636e-10
2,3075.0,-4306.0,130.265,5.469373221377528e-10
2,3085.0,-4296.0,130.198,1.2250094785188536e-9
2,3095.0,-4286.0,130.147,9.350686794795711e-10
2,3115.0,-4266.0,130.092,1.0145105356039306e-9
2,3125.0,-4256.0,129.988,1.9233297842137764e-9
2,3135.0,-4246.0,129.984,7.418012338075079e-11
2,3145.0,-4236.0,129.92,1.190356442523041e-9
2,3155.0,-4226.0,129.831,1.6596252664486293e-9
2,3175.0,-4206.0,129.729,1.912692286471058e-9
2,3195.0,-4186.0,129.676,9.995131551052642e-10
2,3215.0,-4166.0,129.662,2.6560644542499124e-10
2,3225.0,-4156.0,129.582,1.521920122770654e-9
2,3235.0,-4146.0,129.575,1.3353610622321903e-10
2,3245.0,-4136.0,129.556,3.635390874004813e-10
2,3255.0,-4126.0,129.447,2.090960000213033e-9
2,3275.0,-4106.0,129.399,9.258858338525408e-10
2,3295.0,-4086.0,129.384,2.91035429013446e-10
2,3305.0,-4076.0,129.28,2.023038891884157e-9
2,3315.0,-4066.0,129.268,2.34028851321056e-10
2,3335.0,-4046.0,129.159,2.1375863217104325e-9
2,3355.0,-4026.0,129.136,4.535235039658701e-10
2,3365.0,-4016.0,129.059,1.5222537798487652e-9
2,3385.0,-3996.0,128.968,1.808542245802962e-9
2,3395.0,-3986.0,128.946,4.383296170082542e-10
2,3405.0,-3976.0,128.764,3.6339857062342246e-9
2,3415.0,-3966.0,128.557,4.13904095352632e-9
2,3425.0,-3956.0,128.382,3.5042258871347718e-9
2,3435.0,-3946.0,128.196,3.730117742707748e-9
2,3445.0,-3936.0,128.026,3.414428352642425e-9
2,3455.0,-3926.0,127.867,3.1986522078156435e-9
2,3465.0,-3916.0,127.694,3.4858392885500727e-9
2,3475.0,-3906.0,127.507,3.773481514858743e-9
2,3485.0,-3896.0,127.32,3.7787944600188125e-9
2,3495.0,-3886.0,127.135,3.7436336055472305e-9
2,3505.0,-3876.0,126.949,3.7691352686383535e-9
2,3515.0,-3866.0,126.771,3.6121308470490206e-9
2,3525.0,-3856.0,126.58,3.8813119641177615e-9
2,3535.0,-3846.0,126.389,3.886453974440867e-9
2,3545.0,-3836.0,126.192,4.0137154814203975e-9
2,3555.0,-3826.0,125.999,3.937222310389098e-9
2,3565.0,-3816.0,125.81,3.860610844313882e-9
2,3575.0,-3806.0,125.638,3.518164307071252e-9
2,3585.0,-3796.0,125.468,3.4822392868223556e-9
2,3595.0,-3786.0,125.284,3.774196981319409e-9
2,3605.0,-3776.0,125.076,4.271663033937865e-9
2,3615.0,-3766.0,124.88,4.029873175814617e-9
2,3625.0,-3756.0,124.688,3.952406254173424e-9
2,3635.0,-3746.0,124.501,3.854236221841445e-9
2,3645.0,-3736.0,124.341,3.3022096187118013e-9
2,3655.0,-3726.0,124.189,3.141761609917537e-9
2,3665.0,-3716.0,124.032,3.2499418611117366e-9
2,3675.0,-3706.0,123.889,2.9646275178004887e-9
2,3685.0,-3696.0,123.754,2.8032430672533383e-9
2,3695.0,-3686.0,123.62,2.786998482614631e-9
2,3705.0,-3676.0,123.51,2.291763541695437e-9
2,3715.0,-3666.0,123.421,1.8577526072612713e-9
2,3725.0,-3656.0,123.344,1.6105121413867115e-9
2,3745.0,-3636.0,123.287,1.197947487802706e-9
2,3775.0,-3606.0,123.277,2.1179224919603175e-10
2,3795.0,-3586.0,123.268,1.9160812831578005e-10
2,3845.0,-3536.0,123.254,3.019558874852873e-10
2,3855.0,-3526.0,123.134,2.593514140815452e-9
2,3875.0,-3506.0,123.109,5.427990122003949e-10
2,3885.0,-3496.0,123.035,1.610183738502953e-9
2,3905.0,-3476.0,123.017,3.9353547021261737e-10
2,3925.0,-3456.0,122.975,9.227273097611761e-10
2,4095.0,-3286.0,122.826,3.412614718029281e-9
2,4105.0,-3276.0,122.702,2.843801718912653e-9
2,4115.0,-3266.0,122.66,9.6491681030372e-10
2,4135.0,-3246.0,122.544,2.6762365225232665e-9
2,4145.0,-3236.0,122.409,3.1189219418745598e-9
2,4155.0,-3226.0,122.275,3.099879682405285e-9
2,4165.0,-3216.0,122.143,3.057634447940663e-9
2,4175.0,-3206.0,121.962,4.197349851500284e-9
2,4185.0,-3196.0,121.777,4.293936871992265e-9
2,4195.0,-3186.0,121.602,4.065524248765859e-9
2,4205.0,-3176.0,121.403,4.626981102045563e-9
2,4215.0,-3166.0,121.199,4.746632000509836e-9
2,4225.0,-3156.0,121.012,4.354372936847189e-9
2,4235.0,-3146.0,120.818,4.5209401742155945e-9
2,4245.0,-3136.0,120.627,4.454435939155388e-9
2,4255.0,-3126.0,120.441,4.341257164192428e-9
2,4265.0,-3116.0,120.252,4.414766508733747e-9
2,4275.0,-3106.0,120.059,4.511599276097792e-9
2,4285.0,-3096.0,119.89,3.953847501959385e-9
2,4295.0,-3086.0,119.776,2.670163694854739e-9
2,4305.0,-3076.0,119.646,3.0489057686567016e-9
2,4325.0,-3056.0,119.573,1.718573386351424e-9
2,4335.0,-3046.0,119.561,2.8305779276207397e-10
2,4345.0,-3036.0,119.545,3.782367099476785e-10
2,4355.0,-3026.0,119.505,9.475460778035423e-10
2,4365.0,-3016.0,119.374,3.1081141147879553e-9
2,4375.0,-3006.0,119.253,2.8743949990655618e-9
2,4385.0,-2996.0,119.119,3.1870808144127983e-9
2,4405.0,-2976.0,119.008,2.6493599796762853e-9
2,4425.0,-2956.0,118.911,2.3236867129444858e-9
2,4435.0,-2946.0,118.882,6.959116831664599e-10
2,4445.0,-2936.0,118.848,8.175194844713317e-10
2,4455.0,-2926.0,118.751,2.3362939840406073e-9
2,4465.0,-2916.0,118.658,2.243184679015139e-9
2,4475.0,-2906.0,118.54,2.850030510910282e-9
2,4485.0,-2896.0,118.365,4.2309526249917805e-9
2,4495.0,-2886.0,118.203,3.919802164996655e-9
2,4505.0,-2876.0,118.032,4.140936657772256e-9
2,4515.0,-2866.0,117.858,4.216770577062947e-9
2,4525.0,-2856.0,117.672,4.510671496337481e-9
2,4535.0,-2846.0,117.488,4.465005575048083e-9
2,4545.0,-2836.0,117.266,5.3896839944054905e-9
2,4555.0,-2826.0,117.046,5.342801419921386e-9
2,4565.0,-2816.0,116.855,4.640552253164798e-9
2,4575.0,-2806.0,116.647,5.056016443127442e-9
2,4585.0,-2796.0,116.484,3.9645181508934275e-9
2,4595.0,-2786.0,116.293,4.648602262986597e-9
2,4605.0,-2776.0,116.11,4.4564177331501054e-9
2,4615.0,-2766.0,115.955,3.777256596232344e-9
2,4625.0,-2756.0,115.777,4.340914069427776e-9
2,4635.0,-2746.0,115.56,5.294415377388927e-9
2,4645.0,-2736.0,115.338,5.417791699612261e-9
2,4655.0,-2726.0,115.142,4.784895324769369e-9
2,4665.0,-2716.0,114.991,3.6886795998898903e-9
2,4675.0,-2706.0,114.817,4.253627413116407e-9
2,4685.0,-2696.0,114.628,4.622888694921984e-9
2,4695.0,-2686.0,114.43,4.845177489337647e-9
2,4715.0,-2666.0,114.408,5.401270913863588e-10
2,4755.0,-2626.0,114.376,7.92117463247262e-10
2,4765.0,-2616.0,114.361,3.7200949470899917e-10
2,4785.0,-2596.0,114.298,1.5684628296182396e-9
2,4805.0,-2576.0,114.269,7.2471684765105e-10
2,4815.0,-2566.0,114.227,1.0514475738450594e-9
2,4835.0,-2546.0,114.157,1.7588290620311703e-9
2,4855.0,-2526.0,114.104,1.3364732141514587e-9
2,4875.0,-2506.0,114.058,1.164231126790606e-9
2,4975.0,-2406.0,114.012,1.1876337173914417e-9
2,4995.0,-2386.0,113.987,6.478461511894697e-10
2,5015.0,-2366.0,113.943,1.1444281819269736e-9
2,5035.0,-2346.0,113.911,8.353520636863563e-10
2,5045.0,-2336.0,113.783,3.345693606255654e-9
2,5055.0,-2326.0,113.624,4.158967750260792e-9
2,5065.0,-2316.0,113.422,5.285768199563158e-9
2,5075.0,-2306.0,113.191,6.0449997362831745e-9
2,5085.0,-2296.0,112.952,6.253677009018394e-9
2,5095.0,-2286.0,112.711,6.3049990853687215e-9
2,5105.0,-2276.0,112.472,6.251621666534232e-9
2,5115.0,-2266.0,112.231,6.302821254678625e-9
2,5125.0,-2256.0,112.015,5.648534237339321e-9
2,5135.0,-2246.0,111.817,5.178348239658924e-9
2,5145.0,-2236.0,111.591,5.910932207983597e-9
2,5155.0,-2226.0,111.369,5.8059332612321104e-9
2,5165.0,-2216.0,111.181,4.917215175883996e-9
2,5175.0,-2206.0,111.008,4.5262907853610765e-9
2,5185.0,-2196.0,110.837,4.475668948408664e-9
2,5195.0,-2186.0,110.685,3.980241679631014e-9
2,5205.0,-2176.0,110.542,3.746781273108241e-9
2,5215.0,-2166.0,110.392,3.932525676196395e-9
2,5225.0,-2156.0,110.265,3.331740473617851e-9
2,5235.0,-2146.0,110.119,3.832772507557981e-9
2,5245.0,-2136.0,109.959,4.20247893704084e-9
2,5255.0,-2126.0,109.958,2.6296319172852634e-11
2,5275.0,-2106.0,109.833,3.2976595834062133e-9
2,5285.0,-2096.0,109.693,3.6959188844312046e-9
2,5295.0,-2086.0,109.51,4.83311342397255e-9
2,5305.0,-2076.0,109.311,5.256430209858209e-9
2,5315.0,-2066.0,109.109,5.335934386706214e-9
2,5325.0,-2056.0,108.881,6.022190231337718e-9
2,5335.0,-2046.0,108.673,5.493236170561642e-9
2,5345.0,-2036.0,108.467,5.440241799398329e-9
2,5355.0,-2026.0,108.249,5.7566574101739855e-9
2,5365.0,-2016.0,108.136,2.9849616867783915e-9
2,5375.0,-2006.0,108.121,3.96737581185551e-10
2,5395.0,-1986.0,108.062,1.5657717008772641e-9
2,5415.0,-1966.0,108.046,4.260423066096903e-10
2,5436.0,-1945.0,107.947,2.644951779691695e-9
2,5446.0,-1935.0,107.936,2.942742125873066e-10
2,5456.0,-1925.0,107.918,4.823590235258648e-10
2,5466.0,-1915.0,107.742,4.720797108348929e-9
2,5476.0,-1905.0,107.547,5.2309832681236516e-9
2,5486.0,-1895.0,107.479,1.8252364439454719e-9
2,5506.0,-1875.0,107.444,9.424332173286062e-10
2,5526.0,-1855.0,107.381,1.701765402565913e-9
2,5546.0,-1835.0,107.313,1.842349941929545e-9
2,5556.0,-1825.0,107.123,5.1508271366113915e-9
2,5566.0,-1815.0,106.916,5.611382847309852e-9
2,5576.0,-1805.0,106.703,5.77305487700372e-9
2,5586.0,-1795.0,106.471,6.28617678163961e-9
2,5596.0,-1785.0,106.199,7.365738230564606e-9
2,5606.0,-1775.0,105.916,7.657276858474593e-9
2,5616.0,-1765.0,105.645,7.326481220108328e-9
2,5626.0,-1755.0,105.412,6.295335051099855e-9
2,5636.0,-1745.0,105.168,6.58933172532928e-9
2,5646.0,-1735.0,104.921,6.666602802048108e-9
2,5656.0,-1725.0,104.683,6.420211921448928e-9
2,5666.0,-1715.0,104.437,6.632399640524635e-9
2,5676.0,-1705.0,104.189,6.6822995274746215e-9
2,5686.0,-1695.0,103.972,5.8442581927990616e-9
2,5696.0,-1685.0,103.736,6.353289527493129e-9
2,5706.0,-1675.0,103.494,6.511232449917463e-9
2,5716.0,-1665.0,103.267,6.104500601246884e-9
2,5726.0,-1655.0,103.021,6.611863143241955e-9
2,5736.0,-1645.0,102.78,6.473469490301925e-9
2,5746.0,-1635.0,102.545,6.308683719887122e-9
2,5756.0,-1625.0,102.295,6.707165159176496e-9
2,5766.0,-1615.0,102.05,6.568529846991652e-9
2,5776.0,-1605.0,101.809,6.457100652929548e-9
2,5786.0,-1595.0,101.568,6.4529863768324194e-9
2,5796.0,-1585.0,101.322,6.582449950059105e-9
2,5806.0,-1575.0,101.093,6.123766832703993e-9
2,5816.0,-1565.0,100.861,6.20052241398952e-9
2,5826.0,-1555.0,100.647,5.7166287062719695e-9
2,5836.0,-1545.0,100.428,5.847643862079037e-9
2,5846.0,-1535.0,100.217,5.631616174973323e-9
2,5856.0,-1525.0,100.007,5.602733117748491e-9
2,5866.0,-1515.0,99.778,6.106661659698366e-9
2,5876.0,-1505.0,99.545,6.209527614787586e-9
2,5886.0,-1495.0,99.322,5.93951909153514e-9
2,5896.0,-1485.0,99.103,5.829904199584159e-9
2,5906.0,-1475.0,98.883,5.8534787289406805e-9
2,5916.0,-1465.0,98.68,5.398750473164633e-9
2,5926.0,-1455.0,98.475,5.4498775357624406e-9
2,5936.0,-1445.0,98.269,5.474267923518831e-9
2,5946.0,-1435.0,98.065,5.418936059581354e-9
2,5956.0,-1425.0,97.867,5.257613907116068e-9
2,5966.0,-1415.0,97.681,4.937567107959196e-9
2,5976.0,-1405.0,97.498,4.856889318785575e-9
2,5986.0,-1395.0,97.295,5.3860395257512e-9
2,5996.0,-1385.0,97.111,4.880367780224883e-9
2,6006.0,-1375.0,97.006,2.785490216026379e-9
2,6036.0,-1345.0,96.895,2.956076700012103e-9
2,6046.0,-1335.0,96.802,2.478206121072038e-9
2,6076.0,-1305.0,96.681,3.2367517216777926e-9
2,6096.0,-1285.0,96.588,2.493179492738607e-9
2,6126.0,-1255.0,96.568,5.38491225293893e-10
2,6156.0,-1225.0,96.549,5.139680917388259e-10
2,6166.0,-1215.0,96.429,3.249047099657995e-9
2,6176.0,-1205.0,96.403,7.045684314954026e-10
2,6186.0,-1195.0,96.32,2.251567623330442e-9
2,6196.0,-1185.0,96.278,1.1404491136425342e-9
2,6206.0,-1175.0,96.099,4.862743810000926e-9
2,6216.0,-1165.0,95.919,4.8886494039066895e-9
2,6226.0,-1155.0,95.744,4.751698607412763e-9
2,6236.0,-1145.0,95.563,4.9133644845268995e-9
2,6246.0,-1135.0,95.489,2.009318244299933e-9
2,6256.0,-1125.0,95.355,3.640352915720819e-9
2,6276.0,-1105.0,95.263,2.5043677952141144e-9
2,6286.0,-1095.0,95.247,4.3598904393921365e-10
2,6296.0,-1085.0,95.111,3.7088408738166148e-9
2,6306.0,-1075.0,95.045,1.8008244346451385e-9
2,6316.0,-1065.0,94.871,4.7491552160482434e-9
2,6326.0,-1055.0,94.723,4.039047232525496e-9
2,6336.0,-1045.0,94.508,5.865558255737523e-9
2,6346.0,-1035.0,94.228,7.630909187398454e-9
2,6356.0,-1025.0,94.001,6.179590833195418e-9
2,6366.0,-1015.0,93.766,6.391712080459236e-9
2,6376.0,-1005.0,93.494,7.3896806596013594e-9
2,6386.0,-995.0,93.262,6.2958576810525e-9
2,6396.0,-985.0,93.03,6.290049812893199e-9
2,6406.0,-975.0,92.805,6.094813263778197e-9
2,6416.0,-965.0,92.574,6.2517313877360704e-9
2,6426.0,-955.0,92.351,6.029824210678916e-9
2,6436.0,-945.0,92.13,5.970674460755975e-9
2,6446.0,-935.0,91.903,6.1273868998767204e-9
2,6456.0,-925.0,91.683,5.933202916980921e-9
2,6466.0,-915.0,91.476,5.578247108968669e-9
2,6476.0,-905.0,91.268,5.6011440420473e-9
2,6486.0,-895.0,91.049,5.892663815655032e-9
2,6496.0,-885.0,90.825,6.021824476387091e-9
2,6506.0,-875.0,90.599,6.069887971353934e-9
2,6516.0,-865.0,90.374,6.037273061052544e-9
2,6526.0,-855.0,90.145,6.138593997766747e-9
2,6536.0,-845.0,89.917,6.105656952912751e-9
2,6546.0,-835.0,89.674,6.500253335939217e-9
2,6556.0,-825.0,89.445,6.118986890726306e-9
2,6566.0,-815.0,89.218,6.059332676288856e-9
2,6576.0,-805.0,89.002,5.760171772347224e-9
2,6586.0,-795.0,88.775,6.04764926650389e-9
2,6596.0,-785.0,88.539,6.2805708129118e-9
2,6606.0,-775.0,88.309,6.114064241482516e-9
2,6616.0,-765.0,88.085,5.948271226631908e-9
2,6626.0,-755.0,87.855,6.101088078846193e-9
2,6636.0,-745.0,87.625,6.094320340836215e-9
2,6646.0,-735.0,87.392,6.16680098043012e-9
2,6656.0,-725.0,87.16,6.133234458585651e-9
2,6666.0,-715.0,86.929,6.0997503330574425e-9
2,6676.0,-705.0,86.702,5.98732580511511e-9
2,6686.0,-695.0,86.462,6.322643031340503e-9
2,6696.0,-685.0,86.214,6.524730004717506e-9
2,6706.0,-675.0,86.01,5.361061975532951e-9
2,6716.0,-665.0,85.778,6.090527878728641e-9
2,6726.0,-655.0,85.541,6.214041928553137e-9
2,6736.0,-645.0,85.299,6.3368065150610435e-9
2,6746.0,-635.0,85.054,6.406571049750401e-9
2,6756.0,-625.0,84.823,6.032532122808117e-9
2,6766.0,-615.0,84.611,5.5300856503320375e-9
2,6776.0,-605.0,84.415,5.107947468997062e-9
2,6786.0,-595.0,84.223,4.999585116635955e-9
2,6796.0,-585.0,84.044,4.65767083056803e-9
2,6806.0,-575.0,84.006,9.889572025089221e-10
2,6826.0,-555.0,83.837,4.405748089349545e-9
2,6836.0,-545.0,83.589,6.4586250995076536e-9
2,6846.0,-535.0,83.34,6.4748762608892954e-9
2,6856.0,-525.0,83.115,5.842700324754097e-9
2,6866.0,-515.0,82.9,5.576388569589767e-9
2,6876.0,-505.0,82.693,5.363047299402164e-9
2,6886.0,-495.0,82.486,5.3574192759796e-9
2,6896.0,-485.0,82.298,4.861089111405071e-9
2,6906.0,-475.0,82.119,4.6247660071652435e-9
2,6916.0,-465.0,81.942,4.569798438216999e-9
2,6926.0,-455.0,81.773,4.3603475188526205e-9
2,6936.0,-445.0,81.617,4.0227458470835315e-9
2,6946.0,-435.0,81.453,4.22684320345561e-9
2,6956.0,-425.0,81.324,3.323577141089477e-9
2,6966.0,-415.0,81.244,2.0614459841694974e-9
2,6976.0,-405.0,81.15,2.4230799518459163e-9
2,6986.0,-395.0,81.059,2.3464340926043798e-9
2,6996.0,-385.0,80.989,1.805738907541058e-9
2,7006.0,-375.0,80.94,1.2648944483681347e-9
2,7016.0,-365.0,80.902,9.818109088898652e-10
2,7026.0,-355.0,80.729,4.470358451679847e-9
2,7036.0,-345.0,80.568,4.157587865855775e-9
2,7046.0,-335.0,80.451,3.020432017745204e-9
2,7056.0,-325.0,80.353,2.5301422277491083e-9
2,7066.0,-315.0,80.231,3.149917468592202e-9
2,7076.0,-305.0,80.093,3.562286868318841e-9
2,7096.0,-285.0,80.01,2.14562889199191e-9
2,7116.0,-265.0,79.942,1.7611565667612684e-9
2,7136.0,-245.0,79.872,1.816482183642796e-9
2,7146.0,-235.0,79.852,5.194295167020462e-10
2,7156.0,-225.0,79.749,2.6767425605424554e-9
2,7166.0,-215.0,79.724,6.500809150666561e-10
2,7176.0,-205.0,79.672,1.3534014328304231e-9
2,7186.0,-195.0,79.626,1.1981710094829434e-9
2,7196.0,-185.0,79.614,3.128873530079028e-10
2,7206.0,-175.0,79.605,2.3496063039974206e-10
2,7216.0,-165.0,79.488,3.056306444677482e-9
2,7236.0,-145.0,79.417,1.8576244094331117e-9
2,7256.0,-125.0,79.358,1.5466599743566304e-9
2,7266.0,-115.0,79.311,1.232959399079402e-9
2,7276.0,-105.0,79.3,2.888564824753076e-10
2,7286.0,-95.0,79.223,2.0236509921912157e-9
2,7296.0,-85.0,79.197,6.838039761957247e-10
2,7306.0,-75.0,79.145,1.3688081338416423e-9
2,7336.0,-45.0,79.02,3.3002220444426766e-9
2,7356.0,-25.0,79.005,3.9675482609907125e-10
2,7386.0,5.0,78.949,1.4865906544919716e-9
2,7396.0,15.0,78.865,2.2309259532710425e-9
2,7406.0,25.0,78.723,3.77101826087724e-9
2,7416.0,35.0,78.558,4.3791857481554116e-9
2,7426.0,45.0,78.4,4.19043325462287e-9
2,7436.0,55.0,78.27,3.4461328556581557e-9
3,7437.0,56.0,78.185,2.250451167798264e-9
3,7458.0,77.0,78.021,4.3473777479445815e-9
3,7468.0,87.0,77.817,5.402207756910108e-9
3,7478.0,97.0,77.626,5.051884781745259e-9
3,7488.0,107.0,77.424,5.336449639578323e-9
3,7498.0,117.0,77.228,5.171547140571355e-9
3,7508.0,127.0,77.035,5.086356372535951e-9
3,7518.0,137.0,76.853,4.791173569774946e-9
3,7528.0,147.0,76.825,7.370768670646631e-10
3,7538.0,157.0,76.807,4.743225389949165e-10
3,7548.0,167.0,76.783,6.330959177479137e-10
3,7558.0,177.0,76.712,1.8742301030730997e-9
3,7608.0,227.0,76.685,7.16992435608144e-10
3,7658.0,277.0,76.667,4.809952095486503e-10
3,7678.0,297.0,76.663,1.0715160345164874e-10
3,7708.0,327.0,76.572,2.445707472899953e-9
3,7728.0,347.0,76.53,1.1307346671135508e-9
3,7738.0,357.0,76.512,4.850374841754278e-10
3,7748.0,367.0,76.496,4.316057011364698e-10
3,7758.0,377.0,76.383,3.0495762141690254e-9
3,7768.0,387.0,76.234,4.019405636840988e-9
3,7778.0,397.0,76.102,3.558835035502441e-9
3,7788.0,407.0,75.957,3.907234839298508e-9
3,7798.0,417.0,75.824,3.581918674513024e-9
3,7808.0,427.0,75.724,2.6924859983121293e-9
3,7818.0,437.0,75.663,1.6427728755121919e-9
3,7828.0,447.0,75.532,3.527954549896315e-9
3,7848.0,467.0,75.493,1.051806584786107e-9
3,7868.0,487.0,75.458,9.458708240214168e-10
3,7878.0,497.0,75.44,4.86895101003584e-10
3,7898.0,517.0,75.432,2.1690981475871028e-10
3,7908.0,527.0,75.404,7.599642073415107e-10
3,7928.0,547.0,75.395,2.448319277200522e-10
3,7938.0,557.0,75.351,1.1980446599637906e-9
3,7958.0,577.0,75.292,1.6094161014658749e-9
3,7978.0,597.0,75.265,7.379419306331757e-10
3,7998.0,617.0,75.16,2.874446028423113e-9
3,8018.0,637.0,75.153,1.919658932994777e-10
3,8028.0,647.0,75.049,2.8535130180676244e-9
3,8048.0,667.0,74.964,2.335066370897017e-9
3,8068.0,687.0,74.921,1.1831939952632226e-9
3,8078.0,697.0,74.755,4.566963543862906e-9
3,8088.0,707.0,74.556,5.468263863616496e-9
3,8098.0,717.0,74.376,4.939713248556184e-9
3,8108.0,727.0,74.222,4.22192840835884e-9
3,8118.0,737.0,74.033,5.175873337729244e-9
3,8128.0,747.0,73.852,4.9505087794480936e-9
3,8138.0,757.0,73.665,5.1081636622687745e-9
3,8148.0,767.0,73.468,5.373914794674659e-9
3,8158.0,777.0,73.282,5.066851716676161e-9
3,8168.0,787.0,73.09,5.223221031952157e-9
3,8178.0,797.0,72.919,4.646075711691333e-9
3,8188.0,807.0,72.726,5.23713974377671e-9
3,8198.0,817.0,72.514,5.743722570253192e-9
3,8208.0,827.0,72.299,5.8149608869365924e-9
3,8218.0,837.0,72.064,6.343856306474603e-9
3,8228.0,847.0,71.828,6.357792864448722e-9
3,8238.0,857.0,71.585,6.532509071924333e-9
3,8248.0,867.0,71.348,6.35759629625847e-9
3,8258.0,877.0,71.097,6.71829777474045e-9
3,8268.0,887.0,70.893,5.44943948435399e-9
3,8278.0,897.0,70.672,5.893007971953547e-9
3,8288.0,907.0,70.492,4.791920927225777e-9
3,8328.0,947.0,70.397,2.53632468171128e-9
3,8368.0,987.0,70.388,2.4125926794351547e-10
3,8388.0,1007.0,70.386,5.3737110220440614e-11
3,8398.0,1017.0,70.242,3.869667074696598e-9
3,8428.0,1047.0,70.16,2.2078782090291254e-9
3,8448.0,1067.0,70.144,4.3152640987131814e-10
3,8458.0,1077.0,70.123,5.668993037523334e-10
3,8468.0,1087.0,70.07,1.4316817464425302e-9
3,8478.0,1097.0,70.012,1.5673542976334362e-9
3,8488.0,1107.0,69.901,2.999506849704125e-9
3,8498.0,1117.0,69.751,4.050592788036016e-9
3,8508.0,1127.0,69.591,4.316114359475629e-9
3,8518.0,1137.0,69.437,4.149770426665626e-9
3,8528.0,1147.0,69.306,3.5268988770787135e-9
3,8558.0,1177.0,69.272,9.175060315644644e-10
3,8568.0,1187.0,69.095,4.7747285750418666e-9
3,8578.0,1197.0,69.026,1.86019420115359e-9
3,8588.0,1207.0,68.903,3.3152491647183057e-9
3,8608.0,1227.0,68.876,7.286391299681939e-10
3,8628.0,1247.0,68.851,6.759781719799497e-10
3,8648.0,1267.0,68.836,4.0640900004297647e-10
3,8688.0,1307.0,68.832,1.0886198431744334e-10
3,8698.0,1317.0,68.805,7.354985231547632e-10
3,8718.0,1337.0,68.747,1.5826147433018982e-9
3,8738.0,1357.0,68.73,4.6468049978142564e-10
3,8758.0,1377.0,68.702,7.668568096526059e-10
3,8768.0,1387.0,68.687,4.1115653958227493e-10
3,8778.0,1397.0,68.657,8.229812909783719e-10
3,8798.0,1417.0,68.628,7.970186486801379e-10
3,8818.0,1437.0,68.539,2.4494759567559448e-9
3,8838.0,1457.0,68.497,1.1574477646783633e-9
3,8858.0,1477.0,68.456,1.131760473686297e-9
3,8878.0,1497.0,68.411,1.2441989830983718e-9
3,8898.0,1517.0,68.38,8.585687147657786e-10
3,8918.0,1537.0,68.293,2.412864243288044e-9
3,8958.0,1577.0,68.249,1.224597684865998e-9
3,8978.0,1597.0,68.206,1.1986736264842107e-9
3,8988.0,1607.0,68.057,4.152319070496127e-9
3,8998.0,1617.0,67.911,4.064423872968465e-9
3,9008.0,1627.0,67.746,4.587942537605112e-9
3,9018.0,1637.0,67.568,4.942383091698173e-9
3,9028.0,1647.0,67.375,5.35010936708101e-9
3,9038.0,1657.0,67.184,5.285449098796079e-9
3,9048.0,1667.0,67.02,4.531326332260799e-9
3,9058.0,1677.0,66.843,4.883481828173821e-9
3,9068.0,1687.0,66.755,2.4258144563315792e-9
3,9088.0,1707.0,66.737,4.968891376007516e-10
3,9098.0,1717.0,66.539,5.462941025160906e-9
3,9108.0,1727.0,66.338,5.535187454903456e-9
3,9118.0,1737.0,66.143,5.3598327299728995e-9
3,9128.0,1747.0,65.927,5.925117947227806e-9
3,9138.0,1757.0,65.71,5.93953305075118e-9
3,9148.0,1767.0,65.495,5.871897163063684e-9
3,9158.0,1777.0,65.286,5.695803769639019e-9
3,9168.0,1787.0,65.08,5.602341841395307e-9
3,9178.0,1797.0,64.867,5.780392835125435e-9
3,9188.0,1807.0,64.65,5.875853189617932e-9
3,9198.0,1817.0,64.435,5.80859482804446e-9
3,9208.0,1827.0,64.24,5.257236790671576e-9
3,9218.0,1837.0,64.031,5.623088385922068e-9
3,9228.0,1847.0,63.82,5.664448204373753e-9
3,9238.0,1857.0,63.623,5.277443710743729e-9
3,9248.0,1867.0,63.464,4.252159168925916e-9
3,9258.0,1877.0,63.297,4.459464836293576e-9
3,9268.0,1887.0,63.11,4.984965943422062e-9
3,9278.0,1897.0,62.914,5.214673709428754e-9
3,9288.0,1907.0,62.719,5.177546262608941e-9
3,9298.0,1917.0,62.535,4.8759855332693155e-9
3,9308.0,1927.0,62.432,2.72616653934926e-9
3,9328.0,1947.0,62.423,2.3850661317394777e-10
3,9348.0,1967.0,62.371,1.3803181296634808e-9
3,9368.0,1987.0,62.327,1.1695599448028027e-9
3,9478.0,2097.0,62.296,8.331823079050322e-10
3,9508.0,2127.0,62.111,4.979309922338209e-9
3,9518.0,2137.0,61.914,5.2915706859213595e-9
3,9528.0,2147.0,61.733,4.8520732274643265e-9
3,9538.0,2157.0,61.535,5.297077141412573e-9
3,9548.0,2167.0,61.322,5.685325831541355e-9
3,9558.0,2177.0,61.117,5.458886953477695e-9
3,9568.0,2187.0,60.909,5.5258655839976785e-9
3,9578.0,2197.0,60.702,5.486324324713334e-9
3,9588.0,2207.0,60.512,5.024557827151067e-9
3,9598.0,2217.0,60.311,5.303833200142415e-9
3,9608.0,2227.0,60.1,5.554501040193273e-9
3,9618.0,2237.0,59.903,5.1737631320846314e-9
3,9628.0,2247.0,59.722,4.743512472278876e-9
3,9638.0,2257.0,59.522,5.230183100040415e-9
3,9648.0,2267.0,59.322,5.2180470497471856e-9
3,9658.0,2277.0,59.129,5.023965878960832e-9
3,9668.0,2287.0,58.938,4.960917180456587e-9
3,9678.0,2297.0,58.745,5.001728308139738e-9
3,9688.0,2307.0,58.666,2.044718130941205e-9
3,9708.0,2327.0,58.634,8.291654504205606e-10
3,9718.0,2337.0,58.578,1.4514445123127734e-9
3,9728.0,2347.0,58.521,1.4774576581847645e-9
3,9748.0,2367.0,58.516,1.2979923875887004e-10
3,9768.0,2387.0,58.481,9.101476680711543e-10
3,9788.0,2407.0,58.442,1.0155982811737154e-9
3,9808.0,2427.0,58.439,7.825445480868731e-11
3,9818.0,2437.0,58.264,4.562538438230999e-9
3,9828.0,2447.0,58.092,4.475543857134114e-9
3,9838.0,2457.0,57.903,4.907624559927551e-9
3,9848.0,2467.0,57.705,5.1293762638752285e-9
3,9858.0,2477.0,57.491,5.529723625447956e-9
3,9868.0,2487.0,57.299,4.9487767805430975e-9
3,9878.0,2497.0,57.116,4.706158134208675e-9
3,9888.0,2507.0,56.944,4.4140140526586265e-9
3,9898.0,2517.0,56.777,4.277283438492769e-9
3,9908.0,2527.0,56.595,4.651859974587381e-9
3,9918.0,2537.0,56.401,4.947118843054846e-9
3,9928.0,2547.0,56.212,4.808122682155326e-9
3,9938.0,2557.0,56.024,4.771472900838381e-9
3,9948.0,2567.0,55.831,4.886657797120874e-9
3,9958.0,2577.0,55.634,4.975540985307753e-9
3,9968.0,2587.0,55.428,5.189245043923398e-9
3,9978.0,2597.0,55.217,5.300553076081838e-9
3,9988.0,2607.0,55.037,4.5103353439088386e-9
3,9998.0,2617.0,54.87,4.1755952679346005e-9
3,10008.0,2627.0,54.714,3.892982787021451e-9
3,10018.0,2637.0,54.567,3.6618998466812673e-9
3,10028.0,2647.0,54.393,4.326075630429621e-9
3,10038.0,2657.0,54.215,4.415627704457956e-9
3,10048.0,2667.0,53.991,5.541692544512889e-9
3,10058.0,2677.0,53.813,4.391672525368937e-9
3,10068.0,2687.0,53.789,5.916137128024524e-10
3,10078.0,2697.0,53.774,3.6999168077459004e-10
3,10088.0,2707.0,53.669,2.589619390493501e-9
3,10108.0,2727.0,53.595,1.8256367976254684e-9
3,10128.0,2747.0,53.565,7.408684350194728e-10
3,10148.0,2767.0,53.516,1.2115808390923778e-9
3,10188.0,2807.0,53.485,7.689567369078832e-10
3,10198.0,2817.0,53.476,2.2338109280145979e-10
3,10218.0,2837.0,53.353,3.055087212737673e-9
3,10248.0,2867.0,53.316,9.203277221459171e-10
3,10268.0,2887.0,53.26,1.394430080906658e-9
3,10288.0,2907.0,53.254,1.4960714660798083e-10
3,10308.0,2927.0,53.148,2.6454131377351292e-9
3,10318.0,2937.0,53.004,3.588803140479056e-9
3,10328.0,2947.0,52.829,4.3525004486973284e-9
3,10338.0,2957.0,52.611,5.407068334886323e-9
3,10348.0,2967.0,52.397,5.291222445636289e-9
3,10358.0,2977.0,52.193,5.028745728374302e-9
3,10368.0,2987.0,51.963,5.651588816157276e-9
3,10378.0,2997.0,51.752,5.167745683644079e-9
3,10388.0,3007.0,51.516,5.760672018851147e-9
3,10398.0,3017.0,51.282,5.6913300961418035e-9
3,10408.0,3027.0,51.052,5.574148174820086e-9
3,10418.0,3037.0,50.842,5.072425753296499e-9
3,10428.0,3047.0,50.651,4.599746728386266e-9
3,10438.0,3057.0,50.464,4.490946948904113e-9
3,10448.0,3067.0,50.277,4.478622602836536e-9
3,10468.0,3087.0,50.236,9.815970528032745e-10
3,10488.0,3107.0,50.206,7.191056893275814e-10
3,10518.0,3137.0,50.045,3.86287980808339e-9
3,10528.0,3147.0,49.841,4.8813967215664456e-9
3,10538.0,3157.0,49.641,4.770854120825391e-9
3,10548.0,3167.0,49.445,4.661244981479114e-9
3,10558.0,3177.0,49.243,4.789176186583206e-9
3,10568.0,3187.0,49.051,4.538208883361354e-9
3,10578.0,3197.0,48.865,4.38362717066663e-9
3,10588.0,3207.0,48.669,4.605634600202124e-9
3,10598.0,3217.0,48.46,4.895336592566868e-9
3,10608.0,3227.0,48.259,4.692505665645583e-9
3,10619.0,3238.0,48.068,4.4455803329393155e-9
3,10629.0,3248.0,47.885,4.246836037281354e-9
3,10639.0,3258.0,47.718,3.86502440159314e-9
3,10649.0,3268.0,47.545,3.993398254974111e-9
3,10659.0,3278.0,47.353,4.419144372824741e-9
3,10669.0,3288.0,47.158,4.474083905178723e-9
3,10679.0,3298.0,46.951,4.7336433138399005e-9
3,10689.0,3308.0,46.753,4.512568808584263e-9
3,10699.0,3318.0,46.558,4.429697627579939e-9
3,10709.0,3328.0,46.368,4.302324884053417e-9
3,10719.0,3338.0,46.176,4.333783443872219e-9
3,10729.0,3348.0,45.991,4.162649696927653e-9
3,10739.0,3358.0,45.809,4.082642489678656e-9
3,10749.0,3368.0,45.618,4.271096060386613e-9
3,10759.0,3378.0,45.421,4.390652356924384e-9
3,10769.0,3388.0,45.225,4.353549956647517e-9
3,10779.0,3398.0,45.029,4.3387481500665475e-9
3,10789.0,3408.0,44.836,4.257871203559785e-9
3,10799.0,3418.0,44.647,4.155749111544143e-9
3,10809.0,3428.0,44.455,4.207630916386017e-9
3,10819.0,3438.0,44.249,4.498430188211767e-9
3,10829.0,3448.0,44.043,4.481675091717781e-9
3,10839.0,3458.0,43.827,4.681090456219103e-9
3,10849.0,3468.0,43.614,4.597776623797971e-9
3,10859.0,3478.0,43.424,4.086163844247415e-9
3,10869.0,3488.0,43.216,4.456919673279087e-9
3,10879.0,3498.0,42.999,4.631215421353826e-9
3,10889.0,3508.0,42.785,4.548534610815389e-9
3,10899.0,3518.0,42.577,4.403297300422836e-9
3,10909.0,3528.0,42.388,3.986118884618585e-9
3,10919.0,3538.0,42.197,4.0139598716814e-9
3,10929.0,3548.0,42.019,3.727850418271759e-9
3,10939.0,3558.0,41.873,3.048698421209426e-9
3,10949.0,3568.0,41.769,2.167183290412406e-9
3,10959.0,3578.0,41.654,2.392313056036008e-9
3,10969.0,3588.0,41.478,3.6518369013779984e-9
3,10979.0,3598.0,41.268,4.341027411771297e-9
3,10989.0,3608.0,41.167,2.0818748991996158e-9
3,10999.0,3618.0,41.043,2.5513084942781563e-9
3,11029.0,3648.0,40.975,1.3996442484758813e-9
3,11049.0,3668.0,40.961,2.8839598326965676e-10
3,11059.0,3678.0,40.773,3.8666948535128155e-9
3,11069.0,3688.0,40.573,4.097679858581342e-9
3,11079.0,3698.0,40.481,1.8798633518833107e-9
3,11229.0,3848.0,40.468,2.6888053388555596e-10
3,11259.0,3878.0,40.403,1.3466955613212705e-9
3,11279.0,3898.0,40.379,4.975765209117428e-10
3,11289.0,3908.0,40.346,6.842911230733411e-10
3,11299.0,3918.0,40.345,2.0745721617909273e-11
3,11309.0,3928.0,40.192,3.170841419437599e-9
3,11329.0,3948.0,40.133,1.2216808385183281e-9
3,11429.0,4048.0,40.004,2.68840356592224e-9
3,11439.0,4058.0,39.869,2.8066306570414557e-9
3,11449.0,4068.0,39.692,3.668634910134236e-9
3,11459.0,4078.0,39.521,3.531853906074965e-9
3,11469.0,4088.0,39.357,3.3758934473729193e-9
3,11479.0,4098.0,39.183,3.569502090713591e-9
3,11489.0,4108.0,38.977,4.209179437011228e-9
3,11499.0,4118.0,38.781,3.987720092433656e-9
3,11509.0,4128.0,38.591,3.849802531309128e-9
3,11519.0,4138.0,38.432,3.2099315564717076e-9
3,11529.0,4148.0,38.264,3.380158573588518e-9
3,11539.0,4158.0,38.064,4.008164077476066e-9
3,11549.0,4168.0,37.845,4.3686294181570895e-9
3,11559.0,4178.0,37.657,3.7333611904806545e-9
3,11569.0,4188.0,37.463,3.836335404648403e-9
3,11579.0,4198.0,37.263,3.937641964150891e-9
3,11589.0,4208.0,37.064,3.900399417650304e-9
4,11597.0,4216.0,36.901,3.1814343270837627e-9
4,11598.0,4217.0,36.891,1.9474029576266604e-10
4,11608.0,4227.0,36.692,3.867687755687172e-9
4,11618.0,4237.0,36.458,4.52506685044937e-9
4,11628.0,4247.0,36.229,4.404135676612827e-9
4,11638.0,4257.0,36.019,4.0177870666546595e-9
4,11648.0,4267.0,35.801,4.149699953510478e-9
4,11658.0,4277.0,35.556,4.637566583348935e-9
4,11668.0,4287.0,35.448,2.0359468247568987e-9
4,11678.0,4297.0,35.424,4.519785669834506e-10
4,11698.0,4317.0,35.36,1.20584123664832e-9
4,11708.0,4327.0,35.337,4.331865606246649e-10
4,11728.0,4347.0,35.267,1.3189087307387489e-9
4,11748.0,4367.0,35.204,1.1868022504073781e-9
4,11768.0,4387.0,35.159,8.478576847351412e-10
4,11788.0,4407.0,35.062,1.8270158324987228e-9
4,11798.0,4417.0,35.012,9.405865074091174e-10
4,11808.0,4427.0,34.976,6.769644580234443e-10
4,11818.0,4437.0,34.826,2.81557143630353e-9
4,11838.0,4457.0,34.766,1.124740525354341e-9
4,11848.0,4467.0,34.673,1.7409844475213941e-9
4,11858.0,4477.0,34.663,1.87082717256604e-10
4,11868.0,4487.0,34.59,1.3652193302545132e-9
4,11878.0,4497.0,34.57,3.738451413751606e-10
4,11888.0,4507.0,34.5,1.3078554063941815e-9
4,11908.0,4527.0,34.37,2.425915675822041e-9
4,11928.0,4547.0,34.262,2.011784604493331e-9
4,11948.0,4567.0,34.137,2.3244404200508e-9
4,11968.0,4587.0,34.074,1.170253600654507e-9
4,11978.0,4597.0,33.935,2.576492826453617e-9
4,11998.0,4617.0,33.847,1.628430951722571e-9
4,12018.0,4637.0,33.749,1.811518243995364e-9
4,12038.0,4657.0,33.618,2.4173318928582042e-9
4,12048.0,4667.0,33.446,3.1622507079949874e-9
4,12058.0,4677.0,33.275,3.130382278330226e-9
4,12068.0,4687.0,33.145,2.371051377391086e-9
4,12078.0,4697.0,32.986,2.8897527060916264e-9
4,12088.0,4707.0,32.8,3.3656140795255105e-9
4,12098.0,4717.0,32.611,3.403216769471214e-9
4,12108.0,4727.0,32.411,3.582829746270493e-9
4,12118.0,4737.0,32.216,3.474905475807928e-9
4,12128.0,4747.0,31.969,4.375051067414903e-9
4,12138.0,4757.0,31.732,4.169703448521331e-9
4,12148.0,4767.0,31.548,3.2184926102356327e-9
4,12158.0,4777.0,31.345,3.532026290929278e-9
4,12168.0,4787.0,31.114,3.99475038409593e-9
4,12178.0,4797.0,30.91,3.5061407605803294e-9
4,12188.0,4807.0,30.671,4.081694752510223e-9
4,12198.0,4817.0,30.457,3.6308309483434483e-9
4,12208.0,4827.0,30.246,3.557955977995745e-9
4,12218.0,4837.0,30.017,3.836628870605696e-9
4,12228.0,4847.0,29.785,3.860313389369095e-9
4,12238.0,4857.0,29.545,3.965148697403875e-9
4,12248.0,4867.0,29.325,3.6094857691389832e-9
4,12258.0,4877.0,29.12,3.3418294397579357e-9
4,12268.0,4887.0,28.914,3.3372360984045667e-9
4,12278.0,4897.0,28.729,2.9792666310832404e-9
4,12288.0,4907.0,28.513,3.457109955288878e-9
4,12298.0,4917.0,28.309,3.2437293579831194e-9
4,12308.0,4927.0,28.095,3.380450682707001e-9
4,12318.0,4937.0,27.884,3.3106344553500966e-9
4,12328.0,4947.0,27.67,3.334918102058553e-9
4,12338.0,4957.0,27.45,3.4043961852122816e-9
4,12348.0,4967.0,27.235,3.303442385135141e-9
4,12358.0,4977.0,27.008,3.462431487056069e-9
4,12368.0,4987.0,26.794,3.2402245608066403e-9
4,12378.0,4997.0,26.596,2.977412648890074e-9
4,12388.0,5007.0,26.376,3.284987243778488e-9
4,12398.0,5017.0,26.155,3.2750882999862493e-9
4,12408.0,5027.0,25.955,2.942498791867617e-9
4,12418.0,5037.0,25.752,2.9659271125275087e-9
4,12428.0,5047.0,25.551,2.9161073214796626e-9
4,12438.0,5057.0,25.382,2.4361271613640156e-9
4,12448.0,5067.0,25.191,2.7359937646437986e-9
4,12458.0,5077.0,24.963,3.241545998271646e-9
4,12468.0,5087.0,24.74,3.1444717626622113e-9
4,12478.0,5097.0,24.539,2.8123305498908106e-9
4,12488.0,5107.0,24.307,3.2201293672951645e-9
4,12498.0,5117.0,24.073,3.2194796279664153e-9
4,12508.0,5127.0,23.836,3.2315937841650884e-9
4,12518.0,5137.0,23.592,3.296271870476141e-9
4,12528.0,5147.0,23.337,3.411353024180534e-9
4,12538.0,5157.0,23.091,3.2584179380855094e-9
4,12548.0,5167.0,22.878,2.795648777801955e-9
4,12558.0,5177.0,22.655,2.9014497044701246e-9
4,12568.0,5187.0,22.425,2.96511372424284e-9
4,12578.0,5197.0,22.184,3.0769083495075295e-9
4,12588.0,5207.0,21.945,3.0209404254421477e-9
4,12598.0,5217.0,21.73,2.6917605082420723e-9
4,12608.0,5227.0,21.516,2.655029537633324e-9
4,12618.0,5237.0,21.303,2.6186055655542775e-9
4,12628.0,5247.0,21.091,2.5824877444530202e-9
4,12638.0,5257.0,20.893,2.3905112628958564e-9
4,12648.0,5267.0,20.676,2.596059293317307e-9
4,12658.0,5277.0,20.476,2.3705519296539957e-9
4,12668.0,5287.0,20.246,2.6997803363084044e-9
4,12678.0,5297.0,20.03,2.509656426314391e-9
4,12688.0,5307.0,19.811,2.5190161679260894e-9
4,12698.0,5317.0,19.607,2.3233974849071353e-9
4,12708.0,5327.0,19.398,2.3572585197704564e-9
4,12718.0,5337.0,19.201,2.200516045977291e-9
4,12728.0,5347.0,19.003,2.190774276223544e-9
4,12738.0,5357.0,18.819,2.0170979937260594e-9
4,12748.0,5367.0,18.61,2.2691332758359514e-9
4,12758.0,5377.0,18.395,2.309643262582467e-9
4,12768.0,5387.0,18.197,2.104929967344793e-9
4,12778.0,5397.0,17.993,2.1465700911224305e-9
4,12788.0,5407.0,17.792,2.092970688183767e-9
4,12798.0,5417.0,17.6,1.9788454624669004e-9
4,12808.0,5427.0,17.406,1.9791967851857984e-9
4,12818.0,5437.0,17.21,1.9788672468855833e-9
4,12878.0,5497.0,17.11,1.0056784395156833e-9
4,12888.0,5507.0,16.988,1.2199378445772822e-9
4,12898.0,5517.0,16.926,6.171013798383133e-10
4,12918.0,5537.0,16.817,1.08110757329485e-9
4,12928.0,5547.0,16.62,1.937707919966292e-9
4,12938.0,5557.0,16.468,1.4806236817286016e-9
4,12948.0,5567.0,16.287,1.746716042273025e-9
4,12958.0,5577.0,16.097,1.8142014384490591e-9
4,12968.0,5587.0,15.919,1.6816031608305533e-9
4,12978.0,5597.0,15.726,1.8035725566219669e-9
4,12988.0,5607.0,15.528,1.8288433926286603e-9
4,12998.0,5617.0,15.311,1.979246989403998e-9
4,13008.0,5627.0,15.111,1.8009088217803552e-9
4,13018.0,5637.0,14.903,1.8492469876999927e-9
4,13028.0,5647.0,14.715,1.6506491306938622e-9
4,13038.0,5657.0,14.542,1.5015863478514189e-9
4,13048.0,5667.0,14.369,1.4849663225534245e-9
4,13058.0,5677.0,14.193,1.4936243545660984e-9
4,13068.0,5687.0,14.016,1.484682271095942e-9
4,13088.0,5707.0,14.011,4.1733359240231585e-11
4,13098.0,5717.0,13.903,8.984920842441144e-10
4,13118.0,5737.0,13.89,1.078474413039269e-10
4,13158.0,5777.0,13.852,3.15627391156396e-10
4,13178.0,5797.0,13.798,4.4771519921993327e-10
4,13218.0,5837.0,13.744,4.473201077898964e-10
4,13228.0,5847.0,13.742,1.6546234065579103e-11
4,13248.0,5867.0,13.641,8.337122047610556e-10
4,13268.0,5887.0,13.622,1.5638537899154008e-10
4,13278.0,5897.0,13.597,2.055929783968375e-10
4,13288.0,5907.0,13.594,2.466433971937598e-11
4,13298.0,5917.0,13.572,1.8084151861446655e-10
4,13308.0,5927.0,13.489,6.801397624992988e-10
4,13328.0,5947.0,13.468,1.7167983095783158e-10
4,13348.0,5967.0,13.44,2.2883322850445907e-10
4,13378.0,5997.0,13.399,3.3496915541448934e-10
4,13398.0,6017.0,13.351,3.9144291489455583e-10
4,13418.0,6037.0,13.309,3.4186974070694217e-10
4,13458.0,6077.0,13.262,3.824280340087176e-10
4,13468.0,6087.0,13.06,1.629434102796692e-9
4,13478.0,6097.0,12.832,1.8104616796643878e-9
4,13488.0,6107.0,12.575,2.0039990336077616e-9
4,13498.0,6117.0,12.312,2.0103013284953323e-9
4,13508.0,6127.0,12.049,1.9692703941126904e-9
4,13518.0,6137.0,11.829,1.6158331373581379e-9
4,13528.0,6147.0,11.628,1.4513279511464274e-9
4,13538.0,6157.0,11.419,1.4838111739980488e-9
4,13548.0,6167.0,11.173,1.7132802715848411e-9
4,13558.0,6177.0,10.903,1.8388369360946769e-9
4,13568.0,6187.0,10.618,1.893592749314498e-9
4,13578.0,6197.0,10.308,2.0042281550068805e-9
4,13588.0,6207.0,10.023,1.7915237838516635e-9
4,13598.0,6217.0,9.756,1.634007585200061e-9
4,13608.0,6227.0,9.477,1.6615330143399639e-9
4,13618.0,6237.0,9.199,1.608812494974468e-9
4,13628.0,6247.0,8.92,1.5675954444971647e-9
4,13638.0,6257.0,8.642,1.5150706824498893e-9
4,13648.0,6267.0,8.367,1.4525929377468236e-9
4,13658.0,6277.0,8.121,1.260531299412998e-9
4,13668.0,6287.0,7.89,1.1502674942506253e-9
4,13678.0,6297.0,7.657,1.1274273305054938e-9
4,13688.0,6307.0,7.422,1.103681694790149e-9
4,13698.0,6317.0,7.184,1.0834998481793157e-9
4,13708.0,6327.0,6.951,1.027281031812145e-9
4,13718.0,6337.0,6.728,9.521677124879107e-10
4,13728.0,6347.0,6.511,8.973990926486406e-10
4,13738.0,6357.0,6.297,8.568051019037072e-10
4,13748.0,6367.0,6.085,8.211634745117935e-10
4,13758.0,6377.0,5.867,8.15672504185092e-10
4,13768.0,6387.0,5.666,7.262274265084882e-10
4,13778.0,6397.0,5.462,7.11699899324225e-10
4,13788.0,6407.0,5.268,6.53079672358517e-10
4,13798.0,6417.0,5.065,6.585701579731638e-10
4,13808.0,6427.0,4.843,6.910877427271724e-10
4,13818.0,6437.0,4.613,6.83823351935569e-10
4,13828.0,6447.0,4.364,7.033206725381065e-10
4,13838.0,6457.0,4.135,6.128300848869888e-10
4,13848.0,6467.0,3.883,6.366739593709648e-10
4,13858.0,6477.0,3.619,6.245180331076887e-10
4,13868.0,6487.0,3.358,5.746276278735111e-10
4,13878.0,6497.0,3.096,5.339745705208989e-10
4,13888.0,6507.0,2.842,4.766252622920801e-10
4,13898.0,6517.0,2.587,4.378000118625411e-10
4,13908.0,6527.0,2.318,4.175605041770174e-10
4,13918.0,6537.0,2.071,3.433229265124585e-10
4,13928.0,6547.0,1.806,3.256071047421885e-10
4,13938.0,6557.0,1.537,2.852019931918123e-10
4,13948.0,6567.0,1.269,2.3867000323153566e-10
4,13958.0,6577.0,1.044,1.652893167471154e-10
4,13968.0,6587.0,0.861,1.1080101420300542e-10
4,13978.0,6597.0,0.677,9.000831554063476e-11
4,13988.0,6607.0,0.517,6.080557121598587e-11
5,13996.0,6615.0,0.0,8.512330154175433e-11
